OBJECTID,GISJOIN,ZONE_CODE,COUNT,AREA,MEAN
1,G0800010008353,1,1,1371975226.285721063613892,897.082336425781250
2,G0800010008402,2,2,2743950452.571442127227783,869.752258300781250
3,G0800030960000,3,3,4115925678.857163429260254,192.699068705240876
4,G0800030960100,4,1,1371975226.285721063613892,99.101699829101563
5,G0800070940400,5,2,2743950452.571442127227783,727.239440917968750
6,G0800070974400,6,1,1371975226.285721063613892,516.182678222656250
7,G0800090964600,7,5,6859876131.428605079650879,1123.776440429687455
8,G0800090964700,8,1,1371975226.285721063613892,1110.170898437500000
9,G0800110966700,9,6,8231851357.714326858520508,1007.564392089843750
10,G0800130013702,10,1,1371975226.285721063613892,803.789062500000000
11,G0800150000200,11,1,1371975226.285721063613892,716.490112304687500
12,G0800150000401,12,2,2743950452.571442127227783,781.082153320312500
13,G0800150000402,13,1,1371975226.285721063613892,767.025329589843750
14,G0800170960600,14,6,8231851357.714326858520508,989.550537109375000
15,G0800190014900,15,1,1371975226.285721063613892,792.379821777343750
16,G0800210974800,16,1,1371975226.285721063613892,208.055206298828125
17,G0800210974900,17,1,1371975226.285721063613892,339.080139160156250
18,G0800230972600,18,1,1371975226.285721063613892,373.507598876953125
19,G0800230972700,19,2,2743950452.571442127227783,329.217643737792969
20,G0800250969600,20,4,5487900905.142884254455566,1021.450576782226563
21,G0800270970100,21,3,4115925678.857163429260254,732.486307779947879
22,G0800290964600,22,1,1371975226.285721063613892,1081.740722656250000
23,G0800290964700,23,1,1371975226.285721063613892,1207.391357421875000
24,G0800290964800,24,1,1371975226.285721063613892,1224.686889648437500
25,G0800290964900,25,1,1371975226.285721063613892,1159.846557617187500
26,G0800290965000,26,1,1371975226.285721063613892,1057.241821289062500
27,G0800310001101,27,1,1371975226.285721063613892,869.109558105468750
28,G0800330000100,28,4,5487900905.142884254455566,1078.759948730468750
29,G0800350013911,29,1,1371975226.285721063613892,857.716613769531250
30,G0800350014135,30,1,1371975226.285721063613892,840.578430175781250
31,G0800350014404,31,1,1371975226.285721063613892,791.395324707031250
32,G0800350014602,32,1,1371975226.285721063613892,798.470520019531250
33,G0800370000100,33,2,2743950452.571442127227783,820.396118164062500
34,G0800370000302,34,1,1371975226.285721063613892,860.587768554687500
35,G0800370000403,35,1,1371975226.285721063613892,804.426086425781250
36,G0800370000600,36,1,1371975226.285721063613892,785.817993164062500
37,G0800390961100,37,3,4115925678.857163429260254,853.584004720052121
38,G0800390961205,38,2,2743950452.571442127227783,838.697418212890625
39,G0800410003701,39,1,1371975226.285721063613892,752.877380371093750
40,G0800410003909,40,1,1371975226.285721063613892,781.978942871093750
41,G0800410004503,41,1,1371975226.285721063613892,680.799377441406250
42,G0800410004602,42,1,1371975226.285721063613892,820.242675781250000
43,G0800410007602,43,1,1371975226.285721063613892,714.030944824218750
44,G0800430978100,44,1,1371975226.285721063613892,901.275390625000000
45,G0800430979000,45,1,1371975226.285721063613892,771.541076660156250
46,G0800430979200,46,1,1371975226.285721063613892,840.489807128906250
47,G0800450951600,47,1,1371975226.285721063613892,891.557861328125000
48,G0800450951802,48,1,1371975226.285721063613892,932.236328125000000
49,G0800450951901,49,1,1371975226.285721063613892,1037.732543945312500
50,G0800450952002,50,2,2743950452.571442127227783,1050.808441162109375
51,G0800450952100,51,3,4115925678.857163429260254,1201.768839518229242
52,G0800490000100,52,3,4115925678.857163429260254,758.575866699218750
53,G0800490000201,53,2,2743950452.571442127227783,750.357299804687500
54,G0800490000202,54,1,1371975226.285721063613892,759.130798339843750
55,G0800510963600,55,6,8231851357.714326858520508,786.537221272786496
56,G0800510963800,56,1,1371975226.285721063613892,875.095886230468750
57,G0800510963900,57,5,6859876131.428605079650879,884.103222656249955
58,G0800530973100,58,4,5487900905.142884254455566,743.258422851562500
59,G0800550960900,59,4,5487900905.142884254455566,709.562553405761719
60,G0800570955600,60,4,5487900905.142884254455566,692.560241699218750
61,G0800590009808,61,1,1371975226.285721063613892,827.166015625000000
62,G0800590012037,62,1,1371975226.285721063613892,817.155090332031250
63,G0800590012058,63,1,1371975226.285721063613892,795.318054199218750
64,G0800610960100,64,4,5487900905.142884254455566,994.429672241210938
65,G0800630962100,65,2,2743950452.571442127227783,1012.789520263671875
66,G0800630962200,66,2,2743950452.571442127227783,967.870025634765625
67,G0800630962300,67,2,2743950452.571442127227783,930.608947753906250
68,G0800650961700,68,1,1371975226.285721063613892,784.638854980468750
69,G0800670940300,69,1,1371975226.285721063613892,955.880371093750000
70,G0800670940400,70,1,1371975226.285721063613892,1044.057128906250000
71,G0800670970701,71,1,1371975226.285721063613892,930.489746093750000
72,G0800670970704,72,1,1371975226.285721063613892,855.343078613281250
73,G0800690001605,73,1,1371975226.285721063613892,667.018310546875000
74,G0800690001903,74,2,2743950452.571442127227783,710.846710205078125
75,G0800690002401,75,1,1371975226.285721063613892,582.764587402343750
76,G0800690002402,76,2,2743950452.571442127227783,632.505340576171875
77,G0800690002503,77,1,1371975226.285721063613892,541.299682617187500
78,G0800690002803,78,2,2743950452.571442127227783,706.665893554687500
79,G0800710000100,79,1,1371975226.285721063613892,840.298034667968750
80,G0800710000300,80,2,2743950452.571442127227783,736.183593750000000
81,G0800710000800,81,9,12347777036.571489334106445,1007.765238444010379
82,G0800730961700,82,2,2743950452.571442127227783,875.398284912109375
83,G0800730961800,83,7,9603826584.000047683715820,916.779506138392890
84,G0800750965900,84,1,1371975226.285721063613892,822.230407714843750
85,G0800750966000,85,2,2743950452.571442127227783,774.607666015625000
86,G0800750966400,86,3,4115925678.857163429260254,855.742289225260379
87,G0800770001502,87,2,2743950452.571442127227783,1275.396179199218750
88,G0800770001800,88,3,4115925678.857163429260254,1190.749226888020758
89,G0800770001900,89,5,6859876131.428605079650879,1257.899072265624909
90,G0800790973600,90,2,2743950452.571442127227783,629.950012207031250
91,G0800810000300,91,1,1371975226.285721063613892,727.352478027343750
92,G0800810000600,92,15,20579628394.285816192626953,716.431404622395803
93,G0800830941100,93,3,4115925678.857163429260254,1234.139567057291742
94,G0800830969100,94,1,1371975226.285721063613892,1074.231689453125000
95,G0800830969200,95,2,2743950452.571442127227783,1156.264587402343750
96,G0800850966100,96,6,8231851357.714326858520508,1090.078989664713617
97,G0800850966201,97,1,1371975226.285721063613892,1141.923950195312500
98,G0800850966501,98,1,1371975226.285721063613892,994.536071777343750
99,G0800850966602,99,1,1371975226.285721063613892,1081.570068359375000
100,G0800870000200,100,2,2743950452.571442127227783,822.155212402343750
101,G0800870000800,101,2,2743950452.571442127227783,821.563812255859375
102,G0800890968400,102,4,5487900905.142884254455566,1023.977844238281250
103,G0800910967600,103,2,2743950452.571442127227783,904.556579589843750
104,G0800930000100,104,1,1371975226.285721063613892,794.129455566406250
105,G0800930000400,105,3,4115925678.857163429260254,797.340433756510379
106,G0800930000500,106,4,5487900905.142884254455566,790.522644042968750
107,G0800950967600,107,1,1371975226.285721063613892,923.211303710937500
108,G0800970000100,108,2,2743950452.571442127227783,910.585815429687500
109,G0800970000500,109,1,1371975226.285721063613892,806.543884277343750
110,G0800990000100,110,1,1371975226.285721063613892,1021.816162109375000
111,G0800990000700,111,5,6859876131.428605079650879,1069.002929687500000
112,G0801010002804,112,2,2743950452.571442127227783,982.841674804687500
113,G0801010002806,113,1,1371975226.285721063613892,986.297119140625000
114,G0801010002808,114,1,1371975226.285721063613892,1184.338378906250000
115,G0801010002918,115,1,1371975226.285721063613892,1031.784301757812500
116,G0801010003200,116,2,2743950452.571442127227783,1148.237304687500000
117,G0801010003600,117,1,1371975226.285721063613892,1095.493530273437500
118,G0801030951100,118,6,8231851357.714326858520508,946.597391764322879
119,G0801030951200,119,4,5487900905.142884254455566,1008.832931518554688
120,G0801050977000,120,4,5487900905.142884254455566,392.925170898437500
121,G0801070000100,121,4,5487900905.142884254455566,703.276840209960938
122,G0801070000300,122,2,2743950452.571442127227783,770.457550048828125
123,G0801070000800,123,3,4115925678.857163429260254,779.563415527343750
124,G0801090977600,124,7,9603826584.000047683715820,558.262241908482110
125,G0801110972600,125,1,1371975226.285721063613892,868.324035644531250
126,G0801130968103,126,1,1371975226.285721063613892,943.002807617187500
127,G0801130968200,127,3,4115925678.857163429260254,1025.134521484375000
128,G0801150968300,128,1,1371975226.285721063613892,903.088928222656250
129,G0801170000100,129,1,1371975226.285721063613892,776.360412597656250
130,G0801170000402,130,1,1371975226.285721063613892,784.111022949218750
131,G0801190010202,131,1,1371975226.285721063613892,756.665832519531250
132,G0801210924100,132,5,6859876131.428605079650879,877.262011718750045
133,G0801210924200,133,2,2743950452.571442127227783,837.420410156250000
134,G0801230001500,134,1,1371975226.285721063613892,678.971374511718750
135,G0801230001700,135,1,1371975226.285721063613892,804.704772949218750
136,G0801230002009,136,1,1371975226.285721063613892,853.224182128906250
137,G0801230002103,137,1,1371975226.285721063613892,779.409057617187500
138,G0801230002501,138,7,9603826584.000047683715820,678.071262904575860
139,G0801230002502,139,3,4115925678.857163429260254,847.854980468750000
140,G0801250963100,140,3,4115925678.857163429260254,973.841756184895871
141,G0801250963200,141,3,4115925678.857163429260254,920.242024739583371
142,G3200010950100,142,10,13719752262.857210159301758,1240.588671875000045
143,G3200010950500,143,1,1371975226.285721063613892,1296.397583007812500
144,G3200010950600,144,1,1371975226.285721063613892,1190.932861328125000
145,G3200010950700,145,1,1371975226.285721063613892,1245.954467773437500
146,G3200030005613,146,1,1371975226.285721063613892,3630.960205078125000
147,G3200030005703,147,4,5487900905.142884254455566,3356.604248046875000
148,G3200030005711,148,1,1371975226.285721063613892,3850.221191406250000
149,G3200030005827,149,2,2743950452.571442127227783,3742.417602539062500
150,G3200030005846,150,1,1371975226.285721063613892,3950.667724609375000
151,G3200030005902,151,6,8231851357.714326858520508,3544.511352539062500
152,G3200030006104,152,1,1371975226.285721063613892,3945.260253906250000
153,G3200030007500,153,2,2743950452.571442127227783,3651.431152343750000
154,G3200030007600,154,2,2743950452.571442127227783,3261.020996093750000
155,G3200050002300,155,2,2743950452.571442127227783,1310.955017089843750
156,G3200050990000,156,1,1371975226.285721063613892,1305.756103515625000
157,G3200070950200,157,8,10975801810.285768508911133,787.831275939941406
158,G3200070950702,158,4,5487900905.142884254455566,880.139602661132813
159,G3200070951202,159,3,4115925678.857163429260254,865.411763509114621
160,G3200070951401,160,1,1371975226.285721063613892,866.537292480468750
161,G3200070951402,161,2,2743950452.571442127227783,872.469604492187500
162,G3200070951500,162,9,12347777036.571489334106445,831.707560221354129
163,G3200070951600,163,2,2743950452.571442127227783,933.775878906250000
164,G3200070951700,164,25,34299380657.143028259277344,822.519189453125023
165,G3200090950100,165,11,15091727489.142930984497070,1809.745128284801240
166,G3200110000100,166,11,15091727489.142930984497070,910.019986239346622
167,G3200130010500,167,23,31555430204.571582794189453,871.686536706012248
168,G3200130010600,168,5,6859876131.428605079650879,742.693945312499977
169,G3200150000300,169,20,27439504525.714420318603516,1056.066357421874955
170,G3200170950100,170,9,12347777036.571489334106445,1312.489759657118157
171,G3200170950200,171,22,30183454978.285861968994141,2394.689830433238512
172,G3200190960201,172,2,2743950452.571442127227783,1236.749511718750000
173,G3200190960202,173,1,1371975226.285721063613892,1311.781005859375000
174,G3200190960301,174,1,1371975226.285721063613892,1219.613769531250000
175,G3200190960800,175,3,4115925678.857163429260254,1470.138793945312500
176,G3200190960900,176,1,1371975226.285721063613892,1367.710571289062500
177,G3200210970700,177,1,1371975226.285721063613892,1563.419677734375000
178,G3200210970800,178,9,12347777036.571489334106445,1554.799872504340328
179,G3200230960100,179,28,38415306336.000190734863281,1263.057379586356092
180,G3200230960200,180,8,10975801810.285768508911133,1640.247344970703125
181,G3200230960300,181,6,8231851357.714326858520508,2425.530293782552235
182,G3200230960401,182,1,1371975226.285721063613892,3253.529052734375000
183,G3200230960405,183,1,1371975226.285721063613892,3338.767089843750000
184,G3200230980500,184,14,19207653168.000095367431641,2204.044974190848279
185,G3200270960100,185,23,31555430204.571582794189453,953.779519786005380
186,G3200310002302,186,1,1371975226.285721063613892,1206.671264648437500
187,G3200310003308,187,1,1371975226.285721063613892,1233.737182617187500
188,G3200310003501,188,20,27439504525.714420318603516,1178.502069091796784
189,G3200310940200,189,3,4115925678.857163429260254,1227.775716145833258
190,G3200330970100,190,20,27439504525.714420318603516,559.201251220703170
191,G3200330970200,191,7,9603826584.000047683715820,489.722451346261153
192,G3500010003807,192,1,1371975226.285721063613892,1546.169921875000000
193,G3500010004001,193,1,1371975226.285721063613892,1547.233886718750000
194,G3500010940600,194,1,1371975226.285721063613892,1562.975585937500000
195,G3500030976400,195,19,26067529299.428699493408203,2188.109079461348756
196,G3500050001102,196,10,13719752262.857210159301758,2262.773022460937682
197,G3500050001200,197,6,8231851357.714326858520508,2190.688842773437500
198,G3500050001400,198,2,2743950452.571442127227783,2239.623168945312500
199,G3500060941500,199,3,4115925678.857163429260254,1677.736246744791742
200,G3500060945800,200,2,2743950452.571442127227783,1828.920349121093750
201,G3500060946100,201,1,1371975226.285721063613892,1602.259277343750000
202,G3500060974700,202,8,10975801810.285768508911133,1746.913848876953125
203,G3500070950500,203,2,2743950452.571442127227783,1000.858062744140625
204,G3500070950600,204,2,2743950452.571442127227783,821.871185302734375
205,G3500070950700,205,6,8231851357.714326858520508,945.520070393880246
206,G3500090000601,206,1,1371975226.285721063613892,1924.442993164062500
207,G3500090000602,207,2,2743950452.571442127227783,1869.812011718750000
208,G3500110960100,208,6,8231851357.714326858520508,1949.528910319010492
209,G3500130001204,209,1,1371975226.285721063613892,2808.535888671875000
210,G3500130001305,210,1,1371975226.285721063613892,2683.354492187500000
211,G3500130001500,211,2,2743950452.571442127227783,2706.160278320312500
212,G3500130001701,212,1,1371975226.285721063613892,2817.068359375000000
213,G3500130001702,213,1,1371975226.285721063613892,2890.773437500000000
214,G3500130001900,214,1,1371975226.285721063613892,2539.375488281250000
215,G3500150000700,215,4,5487900905.142884254455566,2363.188171386718750
216,G3500150000800,216,1,1371975226.285721063613892,2444.361572265625000
217,G3500150000900,217,4,5487900905.142884254455566,2281.575073242187500
218,G3500170964100,218,2,2743950452.571442127227783,2426.430664062500000
219,G3500170964200,219,4,5487900905.142884254455566,2643.810852050781250
220,G3500170964600,220,2,2743950452.571442127227783,2518.095336914062500
221,G3500170964700,221,1,1371975226.285721063613892,2528.171875000000000
222,G3500170964800,222,3,4115925678.857163429260254,2631.291422526041515
223,G3500190961600,223,7,9603826584.000047683715820,1698.664812360491169
224,G3500210000100,224,6,8231851357.714326858520508,1224.335428873697992
225,G3500230970000,225,12,16463702715.428653717041016,2788.691324869791515
226,G3500250000702,226,2,2743950452.571442127227783,2430.122070312500000
227,G3500250000900,227,3,4115925678.857163429260254,2478.527913411458485
228,G3500250001100,228,5,6859876131.428605079650879,2259.847558593749909
229,G3500270960200,229,6,8231851357.714326858520508,1978.064595540364508
230,G3500270960300,230,5,6859876131.428605079650879,2096.771362304687500
231,G3500270960400,231,2,2743950452.571442127227783,2203.686035156250000
232,G3500270960600,232,1,1371975226.285721063613892,2194.778808593750000
233,G3500280000500,233,1,1371975226.285721063613892,1336.869628906250000
234,G3500290000100,234,1,1371975226.285721063613892,2617.534423828125000
235,G3500290000400,235,2,2743950452.571442127227783,2708.235961914062500
236,G3500290000500,236,5,6859876131.428605079650879,2626.299462890624909
237,G3500310940500,237,3,4115925678.857163429260254,1853.157348632812500
238,G3500310943500,238,1,1371975226.285721063613892,1548.809448242187500
239,G3500310943600,239,2,2743950452.571442127227783,1724.798583984375000
240,G3500310943700,240,2,2743950452.571442127227783,1625.650573730468750
241,G3500310943800,241,1,1371975226.285721063613892,1788.783813476562500
242,G3500310943902,242,1,1371975226.285721063613892,1830.026000976562500
243,G3500310944000,243,4,5487900905.142884254455566,1514.834686279296875
244,G3500310945700,244,1,1371975226.285721063613892,1876.078369140625000
245,G3500310946000,245,1,1371975226.285721063613892,1625.522827148437500
246,G3500330955200,246,5,6859876131.428605079650879,1185.732690429687409
247,G3500350000601,247,2,2743950452.571442127227783,2601.249755859375000
248,G3500350000602,248,1,1371975226.285721063613892,2477.252929687500000
249,G3500350000700,249,4,5487900905.142884254455566,2305.708068847656250
250,G3500350000902,250,8,10975801810.285768508911133,2608.623016357421875
251,G3500350940000,251,2,2743950452.571442127227783,2262.020385742187500
252,G3500370958900,252,7,9603826584.000047683715820,1616.686209542410779
253,G3500390000200,253,1,1371975226.285721063613892,1137.905883789062500
254,G3500390000400,254,6,8231851357.714326858520508,824.604558308919309
255,G3500390000500,255,6,8231851357.714326858520508,896.361826578776004
256,G3500390941000,256,5,6859876131.428605079650879,978.156359863281295
257,G3500410000200,257,1,1371975226.285721063613892,2003.126220703125000
258,G3500410000401,258,2,2743950452.571442127227783,2054.134460449218750
259,G3500410000402,259,2,2743950452.571442127227783,2125.138549804687500
260,G3500430010718,260,1,1371975226.285721063613892,1541.190551757812500
261,G3500430010900,261,3,4115925678.857163429260254,1494.667724609375000
262,G3500430011100,262,1,1371975226.285721063613892,1532.328979492187500
263,G3500430011200,263,2,2743950452.571442127227783,1416.694824218750000
264,G3500430940200,264,1,1371975226.285721063613892,1457.908569335937500
265,G3500430940900,265,2,2743950452.571442127227783,1313.617492675781250
266,G3500450000611,266,1,1371975226.285721063613892,1089.663818359375000
267,G3500450000702,267,1,1371975226.285721063613892,1324.704833984375000
268,G3500450000706,268,1,1371975226.285721063613892,1009.512084960937500
269,G3500450942801,269,3,4115925678.857163429260254,1346.758341471354242
270,G3500450942900,270,3,4115925678.857163429260254,1572.691121419270758
271,G3500450943000,271,2,2743950452.571442127227783,1435.045654296875000
272,G3500450943100,272,2,2743950452.571442127227783,1669.642822265625000
273,G3500450943201,273,6,8231851357.714326858520508,1394.654174804687500
274,G3500450943300,274,1,1371975226.285721063613892,1192.811767578125000
275,G3500470957500,275,10,13719752262.857210159301758,1422.073510742187409
276,G3500470957600,276,3,4115925678.857163429260254,1343.306437174479242
277,G3500470957700,277,2,2743950452.571442127227783,1487.533752441406250
278,G3500490010309,278,1,1371975226.285721063613892,1513.348876953125000
279,G3500490010603,279,1,1371975226.285721063613892,1419.330322265625000
280,G3500490940400,280,1,1371975226.285721063613892,1298.917602539062500
281,G3500510962401,281,5,6859876131.428605079650879,2361.476757812500182
282,G3500510962402,282,7,9603826584.000047683715820,2372.886683872767662
283,G3500530940000,283,1,1371975226.285721063613892,1816.148193359375000
284,G3500530978100,284,9,12347777036.571489334106445,1908.204698350694343
285,G3500530978200,285,10,13719752262.857210159301758,1946.644250488281159
286,G3500550952100,286,1,1371975226.285721063613892,595.870788574218750
287,G3500550952300,287,2,2743950452.571442127227783,576.952774047851563
288,G3500550952600,288,1,1371975226.285721063613892,896.851806640625000
289,G3500550952700,289,2,2743950452.571442127227783,1036.200347900390625
290,G3500570963202,290,2,2743950452.571442127227783,1549.733642578125000
291,G3500570963600,291,3,4115925678.857163429260254,1607.395792643229242
292,G3500570963700,292,6,8231851357.714326858520508,1676.504028320312500
293,G3500590950200,293,14,19207653168.000095367431641,1076.153119768415081
294,G3500610970301,294,1,1371975226.285721063613892,1572.117797851562500
295,G3500610971300,295,1,1371975226.285721063613892,1597.881713867187500