OBJECTID,GISJOIN,ZONE_CODE,COUNT,AREA,MEAN
1,G0800010008353,1,1,1371975226.285721063613892,5664.973144531250000
2,G0800010008402,2,2,2743950452.571442127227783,5714.635253906250000
3,G0800030960000,3,3,4115925678.857163429260254,7572.890950520833030
4,G0800030960100,4,1,1371975226.285721063613892,7832.265136718750000
5,G0800070940400,5,2,2743950452.571442127227783,6136.915039062500000
6,G0800070974400,6,1,1371975226.285721063613892,6688.230957031250000
7,G0800090964600,7,5,6859876131.428605079650879,4822.385742187500000
8,G0800090964700,8,1,1371975226.285721063613892,4932.405761718750000
9,G0800110966700,9,6,8231851357.714326858520508,5294.018717447916970
10,G0800130013702,10,1,1371975226.285721063613892,5910.528808593750000
11,G0800150000200,11,1,1371975226.285721063613892,6090.189941406250000
12,G0800150000401,12,2,2743950452.571442127227783,5971.275878906250000
13,G0800150000402,13,1,1371975226.285721063613892,5936.221191406250000
14,G0800170960600,14,6,8231851357.714326858520508,5523.721516927083030
15,G0800190014900,15,1,1371975226.285721063613892,5916.435546875000000
16,G0800210974800,16,1,1371975226.285721063613892,7528.749023437500000
17,G0800210974900,17,1,1371975226.285721063613892,7168.791992187500000
18,G0800230972600,18,1,1371975226.285721063613892,7071.976562500000000
19,G0800230972700,19,2,2743950452.571442127227783,7189.695800781250000
20,G0800250969600,20,4,5487900905.142884254455566,5318.221435546875000
21,G0800270970100,21,3,4115925678.857163429260254,6052.328287760416970
22,G0800290964600,22,1,1371975226.285721063613892,5662.511230468750000
23,G0800290964700,23,1,1371975226.285721063613892,5474.505859375000000
24,G0800290964800,24,1,1371975226.285721063613892,5444.659179687500000
25,G0800290964900,25,1,1371975226.285721063613892,5520.155761718750000
26,G0800290965000,26,1,1371975226.285721063613892,5661.841308593750000
27,G0800310001101,27,1,1371975226.285721063613892,5717.030273437500000
28,G0800330000100,28,4,5487900905.142884254455566,5532.325073242187500
29,G0800350013911,29,1,1371975226.285721063613892,5699.458984375000000
30,G0800350014135,30,1,1371975226.285721063613892,5726.796386718750000
31,G0800350014404,31,1,1371975226.285721063613892,5697.571289062500000
32,G0800350014602,32,1,1371975226.285721063613892,5652.968261718750000
33,G0800370000100,33,2,2743950452.571442127227783,6096.894042968750000
34,G0800370000302,34,1,1371975226.285721063613892,6035.366699218750000
35,G0800370000403,35,1,1371975226.285721063613892,6043.103027343750000
36,G0800370000600,36,1,1371975226.285721063613892,6013.291503906250000
37,G0800390961100,37,3,4115925678.857163429260254,5632.732910156250000
38,G0800390961205,38,2,2743950452.571442127227783,5667.303710937500000
39,G0800410003701,39,1,1371975226.285721063613892,5615.582519531250000
40,G0800410003909,40,1,1371975226.285721063613892,5579.248535156250000
41,G0800410004503,41,1,1371975226.285721063613892,5617.696777343750000
42,G0800410004602,42,1,1371975226.285721063613892,5504.911132812500000
43,G0800410007602,43,1,1371975226.285721063613892,5611.590332031250000
44,G0800430978100,44,1,1371975226.285721063613892,5458.518066406250000
45,G0800430979000,45,1,1371975226.285721063613892,5883.664550781250000
46,G0800430979200,46,1,1371975226.285721063613892,5645.248535156250000
47,G0800450951600,47,1,1371975226.285721063613892,6044.710449218750000
48,G0800450951802,48,1,1371975226.285721063613892,5954.437500000000000
49,G0800450951901,49,1,1371975226.285721063613892,5781.368652343750000
50,G0800450952002,50,2,2743950452.571442127227783,5785.033203125000000
51,G0800450952100,51,3,4115925678.857163429260254,5528.484212239583030
52,G0800490000100,52,3,4115925678.857163429260254,6110.451334635416970
53,G0800490000201,53,2,2743950452.571442127227783,6089.990478515625000
54,G0800490000202,54,1,1371975226.285721063613892,6063.922851562500000
55,G0800510963600,55,6,8231851357.714326858520508,6039.508382161458030
56,G0800510963800,56,1,1371975226.285721063613892,5908.678222656250000
57,G0800510963900,57,5,6859876131.428605079650879,5923.020605468749636
58,G0800530973100,58,4,5487900905.142884254455566,6154.912109375000000
59,G0800550960900,59,4,5487900905.142884254455566,6161.408813476562500
60,G0800570955600,60,4,5487900905.142884254455566,6354.469116210937500
61,G0800590009808,61,1,1371975226.285721063613892,5809.706542968750000
62,G0800590012037,62,1,1371975226.285721063613892,5784.762207031250000
63,G0800590012058,63,1,1371975226.285721063613892,5753.773925781250000
64,G0800610960100,64,4,5487900905.142884254455566,5446.552734375000000
65,G0800630962100,65,2,2743950452.571442127227783,5590.402343750000000
66,G0800630962200,66,2,2743950452.571442127227783,5641.701904296875000
67,G0800630962300,67,2,2743950452.571442127227783,5654.761718750000000
68,G0800650961700,68,1,1371975226.285721063613892,5998.849609375000000
69,G0800670940300,69,1,1371975226.285721063613892,5704.613769531250000
70,G0800670940400,70,1,1371975226.285721063613892,5520.415039062500000
71,G0800670970701,71,1,1371975226.285721063613892,5713.291503906250000
72,G0800670970704,72,1,1371975226.285721063613892,5879.608398437500000
73,G0800690001605,73,1,1371975226.285721063613892,6242.883789062500000
74,G0800690001903,74,2,2743950452.571442127227783,6156.883544921875000
75,G0800690002401,75,1,1371975226.285721063613892,6446.725097656250000
76,G0800690002402,76,2,2743950452.571442127227783,6415.688964843750000
77,G0800690002503,77,1,1371975226.285721063613892,6503.863281250000000
78,G0800690002803,78,2,2743950452.571442127227783,6201.718261718750000
79,G0800710000100,79,1,1371975226.285721063613892,5775.625976562500000
80,G0800710000300,80,2,2743950452.571442127227783,6034.821044921875000
81,G0800710000800,81,9,12347777036.571489334106445,5193.370713975694343
82,G0800730961700,82,2,2743950452.571442127227783,5659.897949218750000
83,G0800730961800,83,7,9603826584.000047683715820,5549.160923549106883
84,G0800750965900,84,1,1371975226.285721063613892,6111.505371093750000
85,G0800750966000,85,2,2743950452.571442127227783,6150.425781250000000
86,G0800750966400,86,3,4115925678.857163429260254,6040.777506510416970
87,G0800770001502,87,2,2743950452.571442127227783,5372.437744140625000
88,G0800770001800,88,3,4115925678.857163429260254,5513.099772135416970
89,G0800770001900,89,5,6859876131.428605079650879,5393.859863281250000
90,G0800790973600,90,2,2743950452.571442127227783,6418.179931640625000
91,G0800810000300,91,1,1371975226.285721063613892,6539.016601562500000
92,G0800810000600,92,15,20579628394.285816192626953,6652.488867187499636
93,G0800830941100,93,3,4115925678.857163429260254,5189.850585937500000
94,G0800830969100,94,1,1371975226.285721063613892,5519.770019531250000
95,G0800830969200,95,2,2743950452.571442127227783,5369.849365234375000
96,G0800850966100,96,6,8231851357.714326858520508,5607.970621744791970
97,G0800850966201,97,1,1371975226.285721063613892,5538.040039062500000
98,G0800850966501,98,1,1371975226.285721063613892,5749.557617187500000
99,G0800850966602,99,1,1371975226.285721063613892,5623.967285156250000
100,G0800870000200,100,2,2743950452.571442127227783,5863.958740234375000
101,G0800870000800,101,2,2743950452.571442127227783,5897.866943359375000
102,G0800890968400,102,4,5487900905.142884254455566,5290.808593750000000
103,G0800910967600,103,2,2743950452.571442127227783,5869.226562500000000
104,G0800930000100,104,1,1371975226.285721063613892,5875.062500000000000
105,G0800930000400,105,3,4115925678.857163429260254,5844.979329427083030
106,G0800930000500,106,4,5487900905.142884254455566,5736.243896484375000
107,G0800950967600,107,1,1371975226.285721063613892,5937.776855468750000
108,G0800970000100,108,2,2743950452.571442127227783,5931.584228515625000
109,G0800970000500,109,1,1371975226.285721063613892,6026.365722656250000
110,G0800990000100,110,1,1371975226.285721063613892,5369.811523437500000
111,G0800990000700,111,5,6859876131.428605079650879,5216.926171875000364
112,G0801010002804,112,2,2743950452.571442127227783,5479.052978515625000
113,G0801010002806,113,1,1371975226.285721063613892,5416.382324218750000
114,G0801010002808,114,1,1371975226.285721063613892,5067.802246093750000
115,G0801010002918,115,1,1371975226.285721063613892,5250.023437500000000
116,G0801010003200,116,2,2743950452.571442127227783,5130.829101562500000
117,G0801010003600,117,1,1371975226.285721063613892,5173.942871093750000
118,G0801030951100,118,6,8231851357.714326858520508,6031.093994140625000
119,G0801030951200,119,4,5487900905.142884254455566,5959.845336914062500
120,G0801050977000,120,4,5487900905.142884254455566,7030.585327148437500
121,G0801070000100,121,4,5487900905.142884254455566,6473.621215820312500
122,G0801070000300,122,2,2743950452.571442127227783,6314.829589843750000
123,G0801070000800,123,3,4115925678.857163429260254,6198.576497395833030
124,G0801090977600,124,7,9603826584.000047683715820,6569.974888392856883
125,G0801110972600,125,1,1371975226.285721063613892,5884.641113281250000
126,G0801130968103,126,1,1371975226.285721063613892,5799.581542968750000
127,G0801130968200,127,3,4115925678.857163429260254,5646.186848958333030
128,G0801150968300,128,1,1371975226.285721063613892,6019.567871093750000
129,G0801170000100,129,1,1371975226.285721063613892,6055.464843750000000
130,G0801170000402,130,1,1371975226.285721063613892,5952.555175781250000
131,G0801190010202,131,1,1371975226.285721063613892,5586.105957031250000
132,G0801210924100,132,5,6859876131.428605079650879,5804.131347656250000
133,G0801210924200,133,2,2743950452.571442127227783,5901.953857421875000
134,G0801230001500,134,1,1371975226.285721063613892,6210.435058593750000
135,G0801230001700,135,1,1371975226.285721063613892,5892.078613281250000
136,G0801230002009,136,1,1371975226.285721063613892,5766.719726562500000
137,G0801230002103,137,1,1371975226.285721063613892,5971.391113281250000
138,G0801230002501,138,7,9603826584.000047683715820,6262.503836495535325
139,G0801230002502,139,3,4115925678.857163429260254,5785.901041666666970
140,G0801250963100,140,3,4115925678.857163429260254,5720.792154947916970
141,G0801250963200,141,3,4115925678.857163429260254,5796.076822916666970
142,G3200010950100,142,10,13719752262.857210159301758,4208.510253906250000
143,G3200010950500,143,1,1371975226.285721063613892,4031.114257812500000
144,G3200010950600,144,1,1371975226.285721063613892,4188.372558593750000
145,G3200010950700,145,1,1371975226.285721063613892,4056.609130859375000
146,G3200030005613,146,1,1371975226.285721063613892,1722.088134765625000
147,G3200030005703,147,4,5487900905.142884254455566,1623.245941162109375
148,G3200030005711,148,1,1371975226.285721063613892,1581.464965820312500
149,G3200030005827,149,2,2743950452.571442127227783,1599.045959472656250
150,G3200030005846,150,1,1371975226.285721063613892,1559.340942382812500
151,G3200030005902,151,6,8231851357.714326858520508,1799.419718424479242
152,G3200030006104,152,1,1371975226.285721063613892,1561.687622070312500
153,G3200030007500,153,2,2743950452.571442127227783,1680.085937500000000
154,G3200030007600,154,2,2743950452.571442127227783,1967.785522460937500
155,G3200050002300,155,2,2743950452.571442127227783,3838.456787109375000
156,G3200050990000,156,1,1371975226.285721063613892,3736.849609375000000
157,G3200070950200,157,8,10975801810.285768508911133,6102.856018066406250
158,G3200070950702,158,4,5487900905.142884254455566,5670.332031250000000
159,G3200070951202,159,3,4115925678.857163429260254,5659.702473958333030
160,G3200070951401,160,1,1371975226.285721063613892,5812.477050781250000
161,G3200070951402,161,2,2743950452.571442127227783,5748.431152343750000
162,G3200070951500,162,9,12347777036.571489334106445,6108.664550781250000
163,G3200070951600,163,2,2743950452.571442127227783,5449.901611328125000
164,G3200070951700,164,25,34299380657.143028259277344,5740.699082031250327
165,G3200090950100,165,11,15091727489.142930984497070,2875.703169389204504
166,G3200110000100,166,11,15091727489.142930984497070,5522.014248934659008
167,G3200130010500,167,23,31555430204.571582794189453,5209.761251698369961
168,G3200130010600,168,5,6859876131.428605079650879,5598.829492187500364
169,G3200150000300,169,20,27439504525.714420318603516,4964.202685546874818
170,G3200170950100,170,9,12347777036.571489334106445,5055.538953993055657
171,G3200170950200,171,22,30183454978.285861968994141,3050.205666281960021
172,G3200190960201,172,2,2743950452.571442127227783,4159.082031250000000
173,G3200190960202,173,1,1371975226.285721063613892,3917.045898437500000
174,G3200190960301,174,1,1371975226.285721063613892,4263.025878906250000
175,G3200190960800,175,3,4115925678.857163429260254,3349.322184244791515
176,G3200190960900,176,1,1371975226.285721063613892,3713.105957031250000
177,G3200210970700,177,1,1371975226.285721063613892,3165.648437500000000
178,G3200210970800,178,9,12347777036.571489334106445,3280.883110894097172
179,G3200230960100,179,28,38415306336.000190734863281,4547.742161342075633
180,G3200230960200,180,8,10975801810.285768508911133,3656.338348388671875
181,G3200230960300,181,6,8231851357.714326858520508,2202.682718912760265
182,G3200230960401,182,1,1371975226.285721063613892,1842.625732421875000
183,G3200230960405,183,1,1371975226.285721063613892,1718.112792968750000
184,G3200230980500,184,14,19207653168.000095367431641,2731.631565638951088
185,G3200270960100,185,23,31555430204.571582794189453,4937.198963994565020
186,G3200310002302,186,1,1371975226.285721063613892,4341.390136718750000
187,G3200310003308,187,1,1371975226.285721063613892,4179.882324218750000
188,G3200310003501,188,20,27439504525.714420318603516,4194.964916992187682
189,G3200310940200,189,3,4115925678.857163429260254,4112.712483723958030
190,G3200330970100,190,20,27439504525.714420318603516,6520.729492187500000
191,G3200330970200,191,7,9603826584.000047683715820,6648.957310267856883
192,G3500010003807,192,1,1371975226.285721063613892,3768.389892578125000
193,G3500010004001,193,1,1371975226.285721063613892,3739.603271484375000
194,G3500010940600,194,1,1371975226.285721063613892,3772.124023437500000
195,G3500030976400,195,19,26067529299.428699493408203,3082.222887541118325
196,G3500050001102,196,10,13719752262.857210159301758,2895.218652343749909
197,G3500050001200,197,6,8231851357.714326858520508,2997.286824544270985
198,G3500050001400,198,2,2743950452.571442127227783,2919.112548828125000
199,G3500060941500,199,3,4115925678.857163429260254,3781.877685546875000
200,G3500060945800,200,2,2743950452.571442127227783,3734.951538085937500
201,G3500060946100,201,1,1371975226.285721063613892,3818.023193359375000
202,G3500060974700,202,8,10975801810.285768508911133,3769.052276611328125
203,G3500070950500,203,2,2743950452.571442127227783,5173.584472656250000
204,G3500070950600,204,2,2743950452.571442127227783,5787.207031250000000
205,G3500070950700,205,6,8231851357.714326858520508,5410.042480468750000
206,G3500090000601,206,1,1371975226.285721063613892,3421.486328125000000
207,G3500090000602,207,2,2743950452.571442127227783,3491.809936523437500
208,G3500110960100,208,6,8231851357.714326858520508,3390.772420247395985
209,G3500130001204,209,1,1371975226.285721063613892,2112.630615234375000
210,G3500130001305,210,1,1371975226.285721063613892,2317.314208984375000
211,G3500130001500,211,2,2743950452.571442127227783,2292.209228515625000
212,G3500130001701,212,1,1371975226.285721063613892,2107.073242187500000
213,G3500130001702,213,1,1371975226.285721063613892,1973.178955078125000
214,G3500130001900,214,1,1371975226.285721063613892,2545.574218750000000
215,G3500150000700,215,4,5487900905.142884254455566,2772.907287597656250
216,G3500150000800,216,1,1371975226.285721063613892,2646.088623046875000
217,G3500150000900,217,4,5487900905.142884254455566,2873.596130371093750
218,G3500170964100,218,2,2743950452.571442127227783,2645.586425781250000
219,G3500170964200,219,4,5487900905.142884254455566,2369.465515136718750
220,G3500170964600,220,2,2743950452.571442127227783,2502.514648437500000
221,G3500170964700,221,1,1371975226.285721063613892,2497.343017578125000
222,G3500170964800,222,3,4115925678.857163429260254,2333.121256510416515
223,G3500190961600,223,7,9603826584.000047683715820,3799.674176897321558
224,G3500210000100,224,6,8231851357.714326858520508,4549.855875651041970
225,G3500230970000,225,12,16463702715.428653717041016,2106.929870605468750
226,G3500250000702,226,2,2743950452.571442127227783,2674.709838867187500
227,G3500250000900,227,3,4115925678.857163429260254,2613.342529296875000
228,G3500250001100,228,5,6859876131.428605079650879,2916.437646484374909
229,G3500270960200,229,6,8231851357.714326858520508,3340.086100260416515
230,G3500270960300,230,5,6859876131.428605079650879,3144.624267578125000
231,G3500270960400,231,2,2743950452.571442127227783,2975.145874023437500
232,G3500270960600,232,1,1371975226.285721063613892,2997.685546875000000
233,G3500280000500,233,1,1371975226.285721063613892,4434.062500000000000
234,G3500290000100,234,1,1371975226.285721063613892,2351.833007812500000
235,G3500290000400,235,2,2743950452.571442127227783,2258.063110351562500
236,G3500290000500,236,5,6859876131.428605079650879,2377.313916015625182
237,G3500310940500,237,3,4115925678.857163429260254,3651.250081380208485
238,G3500310943500,238,1,1371975226.285721063613892,4266.509765625000000
239,G3500310943600,239,2,2743950452.571442127227783,3989.866577148437500
240,G3500310943700,240,2,2743950452.571442127227783,4180.474609375000000
241,G3500310943800,241,1,1371975226.285721063613892,3946.255126953125000
242,G3500310943902,242,1,1371975226.285721063613892,3844.724609375000000
243,G3500310944000,243,4,5487900905.142884254455566,4183.457031250000000
244,G3500310945700,244,1,1371975226.285721063613892,3749.690185546875000
245,G3500310946000,245,1,1371975226.285721063613892,4057.923095703125000
246,G3500330955200,246,5,6859876131.428605079650879,4839.191699218749818
247,G3500350000601,247,2,2743950452.571442127227783,2437.364868164062500
248,G3500350000602,248,1,1371975226.285721063613892,2620.702636718750000
249,G3500350000700,249,4,5487900905.142884254455566,2879.627624511718750
250,G3500350000902,250,8,10975801810.285768508911133,2393.134155273437500
251,G3500350940000,251,2,2743950452.571442127227783,2898.116088867187500
252,G3500370958900,252,7,9603826584.000047683715820,3896.498500279017662
253,G3500390000200,253,1,1371975226.285721063613892,4997.354492187500000
254,G3500390000400,254,6,8231851357.714326858520508,5843.814046223958030
255,G3500390000500,255,6,8231851357.714326858520508,5684.243326822916970
256,G3500390941000,256,5,6859876131.428605079650879,5521.834570312499636
257,G3500410000200,257,1,1371975226.285721063613892,3292.316406250000000
258,G3500410000401,258,2,2743950452.571442127227783,3220.558593750000000
259,G3500410000402,259,2,2743950452.571442127227783,3108.759643554687500
260,G3500430010718,260,1,1371975226.285721063613892,3783.943847656250000
261,G3500430010900,261,3,4115925678.857163429260254,4049.835774739583485
262,G3500430011100,262,1,1371975226.285721063613892,3826.764404296875000
263,G3500430011200,263,2,2743950452.571442127227783,4189.630249023437500
264,G3500430940200,264,1,1371975226.285721063613892,4065.583496093750000
265,G3500430940900,265,2,2743950452.571442127227783,4673.602783203125000
266,G3500450000611,266,1,1371975226.285721063613892,5387.508300781250000
267,G3500450000702,267,1,1371975226.285721063613892,4868.415039062500000
268,G3500450000706,268,1,1371975226.285721063613892,5552.856933593750000
269,G3500450942801,269,3,4115925678.857163429260254,4896.508789062500000
270,G3500450942900,270,3,4115925678.857163429260254,4402.555989583333030
271,G3500450943000,271,2,2743950452.571442127227783,4637.434570312500000
272,G3500450943100,272,2,2743950452.571442127227783,4173.710327148437500
273,G3500450943201,273,6,8231851357.714326858520508,4651.039713541666970
274,G3500450943300,274,1,1371975226.285721063613892,5199.333496093750000
275,G3500470957500,275,10,13719752262.857210159301758,4291.496069335937136
276,G3500470957600,276,3,4115925678.857163429260254,4455.926106770833030
277,G3500470957700,277,2,2743950452.571442127227783,4112.579833984375000
278,G3500490010309,278,1,1371975226.285721063613892,3946.231689453125000
279,G3500490010603,279,1,1371975226.285721063613892,4203.044921875000000
280,G3500490940400,280,1,1371975226.285721063613892,4549.647949218750000
281,G3500510962401,281,5,6859876131.428605079650879,2826.791259765625000
282,G3500510962402,282,7,9603826584.000047683715820,2791.793247767857338
283,G3500530940000,283,1,1371975226.285721063613892,3625.867187500000000
284,G3500530978100,284,9,12347777036.571489334106445,3427.364176432291515
285,G3500530978200,285,10,13719752262.857210159301758,3412.836206054687409
286,G3500550952100,286,1,1371975226.285721063613892,6454.844238281250000
287,G3500550952300,287,2,2743950452.571442127227783,6502.607177734375000
288,G3500550952600,288,1,1371975226.285721063613892,5613.675292968750000
289,G3500550952700,289,2,2743950452.571442127227783,5262.329101562500000
290,G3500570963202,290,2,2743950452.571442127227783,3898.182128906250000
291,G3500570963600,291,3,4115925678.857163429260254,3772.790527343750000
292,G3500570963700,292,6,8231851357.714326858520508,3751.966227213541515
293,G3500590950200,293,14,19207653168.000095367431641,4631.229282924106883
294,G3500610970301,294,1,1371975226.285721063613892,3746.023925781250000
295,G3500610971300,295,1,1371975226.285721063613892,3747.458007812500000